        616        43       611       -51
        616        23       611       -72
        617        44       612       -51
        616        56       614       -49
        617        42       613       -52
        616        47       613       -47
        616        49       612       -46
        616        39       610       -54
        607        37       609       -59
        616        46       611       -49
        616        39       612       -56
        616        46       612       -50
        619        26       613       -69
        619        41       614       -54
        616        45       613       -49
        616        47       613       -47
        616        49       612       -46
        619        35       613       -60
        618        32       610       -62
        616        47       612       -48
        616        43       614       -54
        617        37       613       -59
        616        42       614       -54
        618        27       614       -69
        618        27       614       -69
        617        41       615       -55
        616        32       613       -65
        619        32       615       -64
        616        28       612       -68
        617        44       615       -53
        618        24       614       -73
        617        43       613       -59
        618        20       613       -77
        618        28       613       -69
        617        28       614       -69
        617        19       612       -78
        618        37       616       -60
        618        25       614       -72
        618        35       615       -62
        618        43       615       -54
        549       245       595       165
        552       235       587       148
        548       251       595       170
        552       235       597       152
        550       244       597       163
        549       243       596       162
        551       241       598       160
        549       247       596       164
        550       244       597       163
        548       251       587       164
        546       254       585       172
        550       241       597       160
        547       250       594       169
        549       245       597       164
        553       238       598       156
        551       237       597       155
        555       233       600       150
        548       244       595       164
        546       255       595       175
        544       260       593       181
        548       239       598       157
        550       237       601       154
        555       209       602       134
        555       221       603       136
        551       230       600       147
        550       241       600       151
        553       231       602       147
        550       234       599       151
        557       219       604       135
        552       233       602       150
        555       223       604       139
        509       238       599       155
        507       241       598       159
        552       231       601       147
        546       239       597       157
        552       231       609       147
        557       216       604       131
        555       228       603       144
        552       236       601       152
        558       214       605       130
        594      -172       540      -252
        601      -155       548      -236
        593      -181       548      -261
        591      -184       545      -262
        599      -168       546      -277
        596      -177       540      -256
        592      -184       548      -262
        594      -177       539      -256
        515      -179       541      -259
        590      -193       533      -270
        594      -173       540      -253
        598      -164       545      -244
        596      -175       542      -254
        591      -188       535      -266
        596      -174       540      -255
        593      -173       539      -253
        596      -179       540      -258
        590      -180       538      -259
        598      -164       544      -245
        589      -197       532      -273
        596      -165       541      -247
        595      -178       537      -260
        594      -181       536      -263
        598      -161       544      -244
        595      -170       540      -253
        597      -162       543      -244
        596      -171       542      -253
        594      -183       537      -264
        595      -182       538      -263
        597      -167       543      -251
        593      -180       536      -261
        595      -177       539      -259
        596      -172       541      -255
        596      -174       543      -257
        596      -169       541      -252
        595      -184       539      -265
        592      -186       536      -268
        594      -190       537      -261
        599      -166       544      -248
        589      -196       541      -274
        101       312       198       320
         96       315       191       326
        101       313       197       322
        105       311       201       320
         97       309       203       316
         95       316       191       327
        105       311       200       318
         98       314       193       323
        101       312       197       320
         99       314       194       323
        107       308       203       315
        102       313       198       320
        100       311       196       320
        106       309       202       317
        102       312       198       321
        106       310       202       317
         98       313       194       323
        102       312       198       320
        110       303       206       308
        106       310       202       316
        108       310       204       316
        115       304       202       311
        109       307       207       315
        113       303       210       321
         93       304       190       328
        105       309       190       328
         97       313       195       325
         98       312       195       324
         96       313       192       327
        105       310       202       319
        106       307       203       317
        102       311       199       321
        106       309       203       319
        107       308       204       318
        104       309       201       319
        101       311       198       323
        105       308       202       318
         97       312       194       324
        105       308       202       320
        108       309       207       316
         94       314       191       327
        206      -314       110      -311
        200      -327       103      -313
        195      -331        99      -316
        186      -338        91      -320
        198      -330       102      -315
        194      -332       100      -316
        195      -329       100      -314
        190      -335        94      -319
        194      -334        98      -318
        197      -330       101      -316
        203      -326       107      -313
        201      -328       105      -314
        188      -335        92      -318
        196      -329       100      -313
        188      -336        93      -319
        189      -335        93      -319
        190      -335        94      -318
        196      -330       104      -316
        194      -333       100      -318
        198      -328       103      -313
        197      -331       102      -317
        205      -325       109      -311
        204      -326       109      -311
        200      -330       106      -315
        204      -331        98      -317
        195      -331        99      -317
        201      -326       104      -313
        194      -334        98      -318
        192      -333        96      -319
        198      -328       102      -316
        194      -331        99      -317
        195      -331        99      -318
        193      -330        97      -316
        191      -333        95      -319
        202      -326       105      -313
        195      -330        99      -316
        193      -339        98      -316
        198      -327       102      -315
        197      -326       102      -313
        199      -326       104      -315
        198      -327       103      -316
        198      -328       100      -315
        199      -330        99      -318